41275899
56621775
20345055
27468190
36820207
28681047
29731210
29397174
22059382
34237174
28966561
22690692
35068922
21784460
27672876
34768521
33358672
23879389
39404648
27536148
38023505
9715588
6373384
5132527
10464586
5670026
6568272
3132964
4125200
5483895
3157108
3519964
208042182
62594908
28580155
37115314
35896788
30290031
31085395
39076190
17910635
28236190
33495578
33015163
32554588
26907328
29213390
28572342
36131127
30426264
28294838
46978188
31026438
26658354
3119581
4295440
3294799
4941953
11041424
4343967
6445967
3560976
3410161
14135218
4214046
5128937
3234396
8336680
3782768
3480528
3435468
22074832
4965330
9781969
4039510
3997263
3681120
4263640
5817090
4027346
4445002
4417230
3685467
3941568
22243390
4696654
4307954
8354754
3806394
5651120
3361830
4876046
5105052
11209437
3749363
3806149
4976850
14953530
6661528
39576063
