74687613
35690614
28132117
42522361
31298791
33985326
29211803
25005096
37470896
28540372
34045694
33375456
28778556
40742949
25050938
25654356
35430636
32352854
46410880
31074991
21670387
3779808
9592584
5403772
6513672
10291011
3169984
4567675
5261416
4160929
4070720
5134585
3977772
50694997
29018395
31987584
33552870
36432406
33027364
37584907
18333690
40572263
27191593
23980885
32594221
26300318
37875503
31664940
33574502
39164892
26166933
29926514
35746197
42973053
4614017
4360170
17161294
13138980
8150571
4150016
5706304
3439600
5546632
4451616
13880170
4671452
7066248
4644086
4591164
4268550
4273834
3573714
3960266
12595108
4298339
4866447
4689130
3690364
3520412
3201399
15120618
5835753
4065551
3182728
4926823
3660620
4511628
6714408
14222055
10146199
4250276
3610018
3977630
5719970
5253952
4107814
5471374
5752345
9924776
40088006
