56189693
33616249
43509716
29120690
39652557
48360400
25628657
31338541
40554478
31029952
22083357
27336380
28542180
31217178
38305649
31480804
37116178
42315642
42127768
28537316
20684148
4487326
3903204
3524855
4366309
5600079
3196814
4496160
11414846
4144011
4059495
6473960
3752018
63756898
26887659
35158508
25848884
32007146
45255348
30561581
29920512
35222894
37420652
18655254
32823582
37361724
27811144
32387113
26238764
32644939
40531762
28783265
32246904
46232860
4027377
3441092
5090129
4856702
5249905
3868288
4904346
3816663
3837688
5941826
4162937
3874422
4134346
4299988
3918240
3851793
3724862
5020015
3992493
5167136
4415968
15539785
4363686
3502412
4217692
6594128
5200653
4041810
9735616
3704296
3842212
5728974
3511985
3555668
3194787
4137752
3563806
5791504
3557267
4194588
5424870
8874626
13979386
5264284
206285681
51022276
