80189274
36700727
28004362
24252725
26639028
20279207
33686926
28156910
31744958
24043628
40241916
25969982
26045154
49150278
29193092
23122709
33569920
23309491
20103846
35719878
26300860
7094630
4588462
3379333
3688264
3402534
12998568
11168846
3463986
3824209
5053948
13211162
5459515
56748583
40453391
20542986
24612152
29224178
26066012
25377093
20993948
31914290
31374422
27062642
28417963
21967202
49442299
32199610
19627656
30023722
34494440
34844142
31217400
34994636
3519302
3460720
4490283
3405619
20292152
3601588
3424104
3758176
3431468
3431388
3586448
3371097
5017078
3375271
3429677
7947495
4990678
3510106
3652672
14096942
7848080
5920324
3428051
5812338
5050880
5113338
3684633
19007041
3402371
5751272
3399494
18306620
3600705
3601578
3401350
4645750
11110779
4054354
5727790
3347352
14807816
3495310
4839964
3402112
9370289
49962693
