42810497
78907506
39933300
33744504
35146054
38626020
37992412
43201536
35005734
23320221
36588782
32131326
26294273
48552876
30124537
29341964
35498229
30742366
25730030
41445252
24183210
34687584
3841242
3447292
3449318
5705684
3439446
4226920
3443078
3460728
5537498
13877631
5149986
50796622
45328705
22509338
22040364
36024016
27688695
21097909
26989732
40733294
28292882
24781140
28611200
30263082
41042813
22469932
25728153
39085046
26557168
30613380
30748076
25265182
19912750
3397138
15062588
6374189
3423822
3873028
4250886
3386284
5600274
3422856
7770650
5254178
3424199
9314861
10224412
3489592
5461125
3362560
3417586
5546250
3395980
3852051
3903830
4881060
3533436
9692070
3489918
5733076
3431078
3480880
5388114
3431334
3429482
3511912
8538098
5642406
3761832
3430968
3480004
5632066
3406120
3546430
4790926
3534206
8266510
30287581
