39069345
23072836
45490982
33338804
37536853
39042737
31520852
26847766
27294311
29366200
27193972
34246154
19461726
31945981
26600923
18098689
37227066
33202650
29752022
41359752
19311636
31249451
3391218
6882275
4126275
3460806
6416994
3471791
5500492
5930879
3465414
13374315
5931982
47174557
37755237
34626406
37733165
36859766
23222427
20068916
34121422
23113271
41516220
27759648
38548708
33747578
31999008
38167333
32425732
27746106
43152271
28776434
24769310
18709866
22379969
3513758
6200925
3384821
4106651
3699728
3462124
3645766
5125206
3492398
5545168
13223595
3944868
3342817
11965262
11865317
5220552
3480895
12525801
3342639
3468018
4523478
3404846
4221820
3406032
3412119
6129218
13270591
3456262
5767307
3483130
10809582
3835914
3461038
5042032
5672605
10464568
3438340
5222028
3385110
11055794
4976100
3554945
3408929
3491206
34175665
