74558299
44402313
32449014
26264778
36144468
30440020
16917718
37471343
28992404
26350444
21304726
47485500
24520739
21906882
33984254
24835514
28801417
36071582
27658242
27147936
29493018
28754817
5801852
5310788
3384665
5837272
5145136
7183687
13345792
3340418
5610678
3671372
9846036
36257950
18409578
34847491
25482620
30226356
34187268
36213808
31064194
26416296
31361207
31780836
40996955
27740602
23258524
36118442
29341128
28652964
36185914
32011268
26283713
37620896
29112951
3440261
3402082
3904326
3380212
3466214
3773835
3352836
3497566
3507123
3372924
5780657
3362983
3454340
4681698
3452632
17331802
3555845
3404403
6119838
10208960
15351414
5741293
3412610
3434785
5648950
3346972
5068682
5523571
3434724
5909006
6406066
3522344
3511877
5767014
3382102
3960614
10505162
19594086
5255855
5705628
13231113
3935245
4175416
3375913
32827141
