65034689
40948511
31783690
32971352
38290428
31703844
27606793
27910423
45137608
29113112
28104065
29479024
26788385
29737434
33890718
37105866
41454237
31935413
23142396
26312809
28616098
5402257
4143985
3395136
5387399
3420642
5509732
5627006
3349714
13617129
5431654
3410302
3617732
53696034
24420116
29199102
25691535
24749206
33045227
29462927
26919838
31605855
26854178
32151964
19320532
40079469
26862676
24348082
36011729
25479888
27490691
35513932
30511753
31732142
10087198
3375273
5595482
3446917
3445790
14650032
7540829
3459976
10511938
3422390
5415710
3408178
5579035
5433955
3396390
4005712
13843235
3359551
3900353
3421788
3385890
5550168
3360868
3497054
3732474
3444413
6111862
4552625
4593036
9960200
4814468
3471042
15965332
6788996
5014057
5236454
5381806
3344072
11507442
4555228
3328390
3821127
4075906
3388100
3397654
59590565
