49574540
45498775
23695135
38669552
27959500
28815531
35222372
35230475
14591621
39251461
41801255
37370179
42726466
27260801
20408594
41565651
27269062
18517091
35898963
23338094
30813908
28353262
3366701
4042964
3406737
3463279
5810840
3406258
3802160
3392552
13104815
5499448
3392634
55938006
30887784
26487359
35461407
24411582
32340072
33105572
28374124
32900787
31308798
26278885
22061640
47291110
31064244
23305165
46930974
31225830
34302484
33993138
33040926
27041463
34174291
11579846
3415104
3942904
5730446
3354377
3456268
3457660
3355031
13531860
3515136
3495450
5243792
3400922
4246292
3418732
3438568
14016752
3418296
3452396
4281174
4212910
3485087
6583093
16681019
5956327
3425194
4237693
5773962
3339081
9225272
5625267
4217820
3385456
3660918
3514861
3439628
3584966
3358010
12038930
4903432
5977830
3448158
13035140
3634152
46270902
