41509866
37698709
36746755
40309652
27705670
23571969
25941314
29826014
40269569
36280082
35698753
24121903
38352382
45828582
25201492
36732672
27980730
18988611
35002834
25241720
33484419
23052816
3347475
3383434
4471460
3600276
3434271
4098044
3461923
11815352
3407984
3961327
5309095
26414050
30938593
34716402
33903804
34320776
41260030
33879190
29900658
29652129
29076727
41896251
20080049
36644124
21677456
31902766
37838765
31473852
25729766
38676897
24382198
28735616
44573057
3458568
5568238
3429672
3500558
11565693
3422504
3614434
3620106
3440566
3951211
3401644
3457307
3436585
3451774
4226665
3323252
3406450
3689194
3398601
3462484
6245682
8036198
3498318
4954392
3606938
3839740
3383310
13719226
5667512
3739027
3372650
10324698
5142243
3377754
5756595
3343650
5840846
5674442
4770859
3343172
3460296
4949136
3553578
3522540
53332541
