52508201
45112822
31267987
28357499
36793502
29565004
23043374
30947570
44089239
27252772
46460627
34820808
27963147
32487036
36465103
27318400
42434503
32825477
23271918
33399682
28356766
39978724
5214810
15313898
13703127
8548185
12574458
3552184
3491382
6172732
3405898
5260760
5904996
57781755
34237234
34289398
22172735
48888217
26057639
26707244
34981442
18174766
48040343
22226223
31587598
28262882
25933353
35375314
29315054
20360506
34645276
31290807
34149421
33907214
29041917
3895766
3370984
5870320
9630654
5102875
3383412
3695600
3424513
4811761
3407968
8054808
6244198
3398994
5613048
10710354
3425950
4476252
16092284
5954547
4249219
3426864
5116429
6448724
3408498
3489649
5172300
7858439
3448724
4133618
3994431
10453150
5656588
3405373
4332727
3913288
13006268
5177850
5236042
3415313
15670187
3635888
3478788
4444820
5719744
28322475
