68519945
38005408
30362719
25928867
20580895
39623917
30954945
33742811
30841360
23513722
28586755
30068415
17446516
28296764
45255164
26753973
22646059
37908385
23606940
26837090
17029164
4750894
6383732
4193051
4079609
4082202
4003940
5708174
4008098
11706305
6497307
4037870
21420162
39180130
17229307
34983851
23563122
24488931
41296383
24024804
38371156
22285218
26642908
17519476
28764334
39304402
34151566
23596989
40497898
26521564
16818242
31392814
24130812
22077412
15275706
4042226
4350964
6143586
5624178
11096517
12786055
11140649
12928944
4025649
4078174
4828731
4015934
6342022
4112386
6245375
12248186
4078692
4087178
4384439
4023664
4665980
4018638
14394624
6351648
4035918
4086796
4305590
10711124
10745610
6783252
4198390
10328390
6317005
4095650
4223208
6465727
4007003
7541034
11189714
4018180
4026622
15485315
5657079
49366268
27782863
