11109427
6554517
4237305
202030479
39161293
41746479
36695982
35868772
33629153
35915770
27829048
35217941
33621666
37701603
35784091
57591434
35822886
34943926
35170305
37328776
30840485
33052377
36918745
33527609
37995268
6354131
7976683
5386930
10943806
6918741
6065147
5429764
6356744
16571309
5757642
5984522
7531624
4330372
5197861
4382125
5815153
7438708
8056711
7331973
4370643
5336210
5784397
66281136
33744209
31389920
239255349
37129108
33851402
40313102
35597748
50538452
34737624
40330853
35552917
38531320
35699938
43665424
47414084
37155712
51551997
36530407
34169751
40353867
32718932
29901244
54556261
30672365
7280675
6709106
4487879
6147828
7684285
7398751
6182195
4448519
6900396
18361102
5042433
4118503
21351257
6132004
6544235
6052435
5464097
5611481
6502378
4657461
5421471
5355558
7667425
209429066
60354504
31678426
34750307
40414897
