7015494
6682270
5176868
7544905
30999562
34214576
34504898
26859401
25422452
31319847
30757962
37388852
28340270
39195960
36090668
33546476
39149471
29816983
37308887
35152140
35713976
34796843
31408167
37930400
29094173
6124759
6052650
6057777
5548823
4150787
15065588
7463945
7765001
6949289
5009399
6296330
5753565
4876675
4777475
4203699
6093260
7153012
5857432
7618276
6052157
5877691
208887394
56546893
32746533
31170427
5766243
34287012
26323623
52238128
41367962
40464286
32163641
34717433
29994079
30889287
30934240
33024746
44717213
39887448
47559986
49761142
33570223
54207495
34472299
42714284
43853623
38592074
4338666
6543100
7113842
6590493
7152565
7529932
4995487
4542502
5167001
5275314
5403712
5492421
6405269
5948115
4823478
7633869
4865025
14675236
5616115
7177006
5847221
6493252
14751412
6045599
53125687
38685637
33044017
33489211
