5826263
4516114
5314539
9956924
31199448
31686387
30863819
35938326
36664903
32818948
32291372
31605416
30371242
49212797
31470205
37995186
29461131
35014108
29715104
31555605
32210194
35338945
35345871
39423838
38512444
5403017
5979663
6772913
6247485
15432125
7613421
7165840
6277526
12924957
7889547
6277408
7528296
7368522
3635469
4937799
4390566
5076389
5353852
6117244
6948845
4444745
6475486
52728687
37334666
32861663
28259607
31845695
32602431
38400461
29703656
53926390
53586122
35508156
32130614
38981940
31458024
30445369
48579676
29521400
41054209
40029233
18583625
60686984
36810730
31757241
53522132
35529683
5582803
4423889
8566349
6660023
5049575
5412877
5745573
5829655
23179253
6946068
16599342
5573932
5131823
22041045
17323125
4923329
5848544
6246897
7788199
4751001
17742995
5444295
5231059
11233153
63911053
28045517
35497833
36675892
