14701281
6711980
4908939
34703470
34059518
37522773
33782796
33398097
33456421
34519573
29074457
35731604
31901922
39532811
33227085
40463540
33706215
33606288
33039700
28603517
30380884
34699165
33745264
27197728
33114042
5213122
5333659
6091927
14279393
5761499
5604993
5323404
6277610
6075443
4795853
7051170
15137018
4729171
6469532
5189991
4942579
4771995
5255143
4660052
21133263
5263194
18396322
68872056
33030383
31031230
43546359
46119440
32190781
37938489
33863359
51750581
45409455
32856323
30069289
35448659
33981995
31269411
37228743
32851057
37144671
40883896
45149542
39782731
32630192
30311073
36627721
32869417
4754909
5485619
4642284
6259363
5219759
8833262
4959447
5276079
4821945
5005895
4816628
13740493
6751448
6994503
7696425
5054953
17039492
5389129
19333002
5021801
5223030
5462547
5493317
65154624
60218551
34903966
30704827
34741605
