12151933
16285911
5413065
5165185
31492290
33990494
33988389
34051970
36602240
32621048
37377824
32391173
31515719
32280995
33662429
40172008
29730467
32553602
33628014
33215246
31750901
32891426
33751572
32931974
32042228
19601317
4978466
16183225
5414129
7062991
4884353
5888265
4904327
5302292
5863211
7801263
7727086
7092751
4720175
4604594
6263951
5765699
5407205
4638041
6020225
6988229
4864254
63184776
47230472
36171108
29763455
31768012
35314845
36419239
38853168
37977383
32556836
40082305
39884578
35455974
33668959
35604022
31388520
34169068
39468936
31873852
38362692
34119644
33729375
37078493
31667172
31508444
5520164
4536740
4676047
14734907
4920547
4913772
6481358
5484662
4706543
5050862
6663964
5040012
4851633
4813098
4805882
6128193
5241716
6052690
5428902
5921950
4686319
4893298
4823469
6247695
65355212
47023786
37144374
30536627
