5019825
6375186
6739983
6605178
35841361
29667837
34602566
32353852
30698929
33969494
34217626
31186859
27592137
34354956
30348628
57196525
32327161
32449403
35038408
33190732
33133341
34990677
32373576
33030548
33203862
4464136
5701220
6448919
7238712
4759969
11262350
20786425
16009525
4806532
6361871
4579347
5645367
5075083
6109015
5139086
6083887
4755432
4766497
5694023
5452688
6105487
4683161
63509024
33863781
33613170
37989995
33836788
32143593
37936037
33551259
39018739
32645237
30390647
34394781
31595131
30789067
39537266
34614071
32491573
38357441
34975923
32517024
39029953
32646518
30245547
35264807
31501708
5300273
4508983
21615131
4793849
14763022
18190772
16189271
5199610
5316047
4716129
4806735
4810701
4767902
5691624
4899567
19175506
13219449
6456018
5927725
5449329
4778457
15138761
6636295
5121959
63907601
30656313
31076610
34943033
