6767005
4679280
5652928
5070513
37765678
35325653
34066628
31496320
32635720
32906932
34841343
35395128
35070372
33187215
31811042
49350308
35460958
36201925
35045266
31609940
34440191
33959101
33912760
34901780
35342706
35077588
19093269
6369777
16975568
4500861
5814614
4653117
8872078
7357318
4823086
4700758
5416498
4834411
6068243
9612060
4365456
5329307
15597998
4718755
4779037
4886631
5706476
60065179
60377263
40554809
35212010
34230236
32434916
33152032
25506302
41736848
30950981
40762750
39094352
34867324
33758266
32341258
33856412
36115787
39631573
36544804
40041922
36225929
31231247
38953966
30606140
29472812
28748454
5300176
5766471
5260706
5828759
4932855
6053840
16136522
4913537
4883849
6616809
4651204
6197274
4751285
4900189
4710925
5566151
4900743
6629790
15199221
4512203
4945945
21268925
5145613
45607452
61382967
39847630
33247531
