9397469
4669765
6451275
8291906
32552498
33656328
33400351
33398741
34087066
32627587
31590745
33388237
30915927
32582643
34335106
36180345
33310418
36770436
34955163
34814904
32544486
34747493
33124199
31805862
31239673
33376757
4911763
6345681
4966699
7029813
6885493
4942357
4646076
5111391
5988175
6384883
5211548
4741191
6797319
15058762
4812857
6665464
4912835
5408775
5091316
5183194
16204629
45265126
58558756
39096019
31698516
38765973
39624972
32619951
40877700
35384469
36479163
53969257
36547260
34669273
39741189
32685672
32202591
38471748
33738394
32192766
52445181
29972180
30126794
40240813
31200237
33619793
32689420
4361047
4733757
6898357
6228709
6008252
5104224
5244172
5272810
5117331
5100285
4666444
4462535
4625086
7501206
4986222
12060849
5386937
4701485
6531128
5622397
5376242
5036526
4739301
58457433
58724804
37809825
35579623
