4840122
6888365
5232721
4833820
34381616
34635594
34571660
34760141
31725680
34838982
31135172
35674245
28115414
37348827
36569005
40224710
36209608
34702104
34514372
34332051
30620751
33654888
35760284
34887840
34557719
5064435
4815741
4898298
5680450
6657972
6755281
5063657
5629167
5045865
19232368
5004613
4873637
4853299
5363995
9774181
5037629
4815217
7528935
4752819
5018751
4838775
5131143
56958756
38193272
33533194
34526700
31453729
30488361
48482649
32444778
39358604
34360092
29893810
40167157
33995487
31478216
38990390
38020481
32861207
42980481
37051830
32082879
40306985
35349762
34270731
30372580
31866156
14589789
4844037
5364699
5294861
6820159
5512957
4570544
4954503
6529720
4685448
5048087
5429503
6861308
4745041
4796796
5430967
5320892
4648605
15526180
5734908
6370119
6651592
4963893
17546761
57601222
41233689
34625388
39167225
