6563638
5144583
5159398
5178719
32380456
33844906
33780147
33826842
37051097
33774427
33325347
37105996
35397343
36899466
34158234
32236332
36517880
34462836
32722566
33587752
30342269
34777219
34181294
34603432
35186166
34142702
5265334
6089617
4611749
5247322
5423800
4939779
5459459
5182119
5871447
15003237
4760350
4594269
4795044
4691039
7612145
5999397
6691583
5828166
5137033
5789353
5900801
59012480
50581972
39735554
35931539
35917071
37533128
35296602
36135627
34705155
31528326
45435209
45483483
29633437
39974359
30072812
35226984
39286652
50509570
34682920
43224495
32894044
32695313
38742464
31422902
32597905
33761278
14270798
4751229
4416721
5350345
6946668
5584625
5943394
4803409
5517788
16452179
4886509
4838523
5573004
12615507
4728456
5063699
5007258
4876894
6590837
6189282
4842202
6754147
4676371
55416768
46889006
39355605
34195486
