7645217
4820312
6215814
4888543
37159044
35057930
35629128
32194905
34984636
35210463
31983117
28649559
32322688
31500180
40168756
28829820
35668832
35186261
34694058
34889991
33556952
35275634
31914468
36490854
34262166
35265228
5182656
5144129
5060985
4795837
5197590
5008384
5889389
4731226
16939997
5477038
5366267
7003281
5632229
5203411
16194705
4591425
5530054
4696268
5052369
4726957
5833289
62341456
54257043
49460194
35697872
43383324
40397848
33044051
48624803
35945418
32898539
41176213
30525772
33469101
39060301
32400159
34552761
53377733
34019334
32178588
40464666
31904212
35796295
40237745
32359142
36192908
32436814
5471826
5138637
5091361
4725561
4677730
4789189
5570233
17319555
16943561
5753051
4721927
5481574
16095285
4886455
4933104
7521677
6038631
4905202
5439911
11698219
6912414
4878395
4930407
42578047
53532757
41466799
31107849
