6292591
5837769
5933728
25080378
28402759
35887304
32825347
34796868
32977090
34476078
26875268
31662146
35963074
40923692
36541443
27733773
31383320
33362992
31978254
30472498
32597499
30085709
29066950
33788943
32644388
6262823
7472883
6340694
6710419
7367122
17035862
16430521
6235758
8052958
7860655
14574716
5991255
6045264
5948460
6007353
5943744
5793796
6179445
6172004
8018393
7135494
56729188
48751337
33704268
29066745
50597727
40224961
33862930
49494008
36234106
31140942
36806880
29159770
33001654
39616550
31883668
28444709
42890415
36944407
31933252
51320126
40416138
40122347
35358051
31951027
40839063
30018854
5661109
17261929
5956526
19474077
18285931
19127138
5955951
6770751
8456557
7208569
7349692
7891961
6060559
7073742
6496275
5891017
15082953
6535071
7943373
5926178
6745622
6263088
6079723
49886218
51726934
35835490
28011235
37111312
